1.000000000000000048e-04
5.001829999999999998e+00
1.000179999999999936e+01
1.500179999999999936e+01
2.000179999999999936e+01
2.500179999999999936e+01
3.000179999999999936e+01
3.500180000000000291e+01
4.000180000000000291e+01
4.500180000000000291e+01
5.000180000000000291e+01
5.500180000000000291e+01
6.000180000000000291e+01
6.500180000000000291e+01
7.000180000000000291e+01
7.500180000000000291e+01
8.000180000000000291e+01
8.500180000000000291e+01
9.000180000000000291e+01
9.500180000000000291e+01
1.000019999999999953e+02
1.050019999999999953e+02
1.100019999999999953e+02
1.150019999999999953e+02
1.200019999999999953e+02
1.250019999999999953e+02
1.300020000000000095e+02
1.350020000000000095e+02
1.400020000000000095e+02
1.450020000000000095e+02
1.500020000000000095e+02
1.550020000000000095e+02
1.600020000000000095e+02
1.650020000000000095e+02
1.700020000000000095e+02
1.750020000000000095e+02
1.800020000000000095e+02
1.850020000000000095e+02
1.900020000000000095e+02
1.950020000000000095e+02
2.000020000000000095e+02
2.050020000000000095e+02
2.100020000000000095e+02
2.150020000000000095e+02
2.200020000000000095e+02
2.250020000000000095e+02
2.300020000000000095e+02
2.350020000000000095e+02
2.400020000000000095e+02
2.450020000000000095e+02
2.500020000000000095e+02
2.550020000000000095e+02
2.600020000000000095e+02
2.650020000000000095e+02
2.700020000000000095e+02
2.750020000000000095e+02
2.800020000000000095e+02
2.850020000000000095e+02
2.900020000000000095e+02
2.950020000000000095e+02
3.000020000000000095e+02
3.050020000000000095e+02
3.100020000000000095e+02
3.150020000000000095e+02
3.200020000000000095e+02
3.250020000000000095e+02
3.300020000000000095e+02
3.350020000000000095e+02
3.400020000000000095e+02
3.450020000000000095e+02
3.500020000000000095e+02
3.550020000000000095e+02
3.600020000000000095e+02
3.650020000000000095e+02
3.700020000000000095e+02
3.750020000000000095e+02
3.800020000000000095e+02
3.850020000000000095e+02
3.900020000000000095e+02
3.950020000000000095e+02
4.000020000000000095e+02
4.050020000000000095e+02
4.100020000000000095e+02
4.150020000000000095e+02
4.200020000000000095e+02
4.250020000000000095e+02
4.300020000000000095e+02
4.350020000000000095e+02
4.400020000000000095e+02
4.450020000000000095e+02
4.500020000000000095e+02
4.550020000000000095e+02
4.600020000000000095e+02
4.650020000000000095e+02
4.700020000000000095e+02
4.750020000000000095e+02
4.800020000000000095e+02
4.850020000000000095e+02
4.900020000000000095e+02
4.950020000000000095e+02
5.000020000000000095e+02
5.050020000000000095e+02
5.100020000000000095e+02
5.150019999999999527e+02
5.200019999999999527e+02
5.250019999999999527e+02
5.300019999999999527e+02
5.350019999999999527e+02
5.400019999999999527e+02
5.450019999999999527e+02
5.500019999999999527e+02
5.550019999999999527e+02
5.600019999999999527e+02
5.650019999999999527e+02
5.700019999999999527e+02
5.750019999999999527e+02
5.800019999999999527e+02
5.850019999999999527e+02
5.900019999999999527e+02
5.950019999999999527e+02
6.000019999999999527e+02
6.050019999999999527e+02
6.100019999999999527e+02
6.150019999999999527e+02
6.200019999999999527e+02
6.250019999999999527e+02
6.300019999999999527e+02
6.350019999999999527e+02
6.400019999999999527e+02
6.450019999999999527e+02
6.500019999999999527e+02
6.550019999999999527e+02
6.600019999999999527e+02
6.650019999999999527e+02
6.700019999999999527e+02
6.750019999999999527e+02
6.800019999999999527e+02
6.850019999999999527e+02
6.900019999999999527e+02
6.950019999999999527e+02
7.000019999999999527e+02
7.050019999999999527e+02
7.100019999999999527e+02
7.150019999999999527e+02
7.200019999999999527e+02
7.250019999999999527e+02
7.300019999999999527e+02
7.350019999999999527e+02
7.400019999999999527e+02
7.450019999999999527e+02
7.500019999999999527e+02
7.550019999999999527e+02
7.600019999999999527e+02
7.650019999999999527e+02
7.700019999999999527e+02
7.750019999999999527e+02
7.800019999999999527e+02
7.850019999999999527e+02
7.900019999999999527e+02
7.950019999999999527e+02
8.000019999999999527e+02
8.050019999999999527e+02
8.100019999999999527e+02
8.150019999999999527e+02
8.200019999999999527e+02
8.250019999999999527e+02
8.300019999999999527e+02
8.350019999999999527e+02
8.400019999999999527e+02
8.450019999999999527e+02
8.500019999999999527e+02
8.550019999999999527e+02
8.600019999999999527e+02
8.650019999999999527e+02
8.700019999999999527e+02
8.750019999999999527e+02
8.800019999999999527e+02
8.850019999999999527e+02
8.900019999999999527e+02
8.950019999999999527e+02
9.000019999999999527e+02
9.050019999999999527e+02
9.100019999999999527e+02
9.150019999999999527e+02
9.200019999999999527e+02
9.250019999999999527e+02
9.300019999999999527e+02
9.350019999999999527e+02
9.400019999999999527e+02
9.450019999999999527e+02
9.500019999999999527e+02
9.550019999999999527e+02
9.600019999999999527e+02
9.650019999999999527e+02
9.700019999999999527e+02
9.750019999999999527e+02
9.800019999999999527e+02
9.850019999999999527e+02
9.900019999999999527e+02
9.950019999999999527e+02
1.000000000000000000e+03
1.005000000000000000e+03
1.010000000000000000e+03
1.015000000000000000e+03
1.020000000000000000e+03
1.025000000000000000e+03
1.030000000000000000e+03
1.035000000000000000e+03
1.040000000000000000e+03
1.045000000000000000e+03
1.050000000000000000e+03
1.055000000000000000e+03
1.060000000000000000e+03
1.065000000000000000e+03
1.070000000000000000e+03
1.075000000000000000e+03
1.080000000000000000e+03
1.085000000000000000e+03
1.090000000000000000e+03
1.095000000000000000e+03
1.100000000000000000e+03
1.105000000000000000e+03
1.110000000000000000e+03
1.115000000000000000e+03
1.120000000000000000e+03
1.125000000000000000e+03
1.130000000000000000e+03
1.135000000000000000e+03
1.140000000000000000e+03
1.145000000000000000e+03
1.150000000000000000e+03
1.155000000000000000e+03
1.160000000000000000e+03
1.165000000000000000e+03
1.170000000000000000e+03
1.175000000000000000e+03
1.180000000000000000e+03
1.185000000000000000e+03
1.190000000000000000e+03
1.195000000000000000e+03
1.200000000000000000e+03
1.205000000000000000e+03
1.210000000000000000e+03
1.215000000000000000e+03
1.220000000000000000e+03
1.225000000000000000e+03
1.230000000000000000e+03
1.235000000000000000e+03
1.240000000000000000e+03
1.245000000000000000e+03
1.250000000000000000e+03
1.255000000000000000e+03
1.260000000000000000e+03
1.265000000000000000e+03
1.270000000000000000e+03
1.275000000000000000e+03
1.280000000000000000e+03
1.285000000000000000e+03
1.290000000000000000e+03
1.295000000000000000e+03
1.300000000000000000e+03
1.305000000000000000e+03
1.310000000000000000e+03
1.315000000000000000e+03
1.320000000000000000e+03
1.325000000000000000e+03
1.330000000000000000e+03
1.335000000000000000e+03
1.340000000000000000e+03
1.345000000000000000e+03
1.350000000000000000e+03
1.355000000000000000e+03
1.360000000000000000e+03
1.365000000000000000e+03
1.370000000000000000e+03
1.375000000000000000e+03
1.380000000000000000e+03
1.385000000000000000e+03
1.390000000000000000e+03
1.395000000000000000e+03
1.400000000000000000e+03
1.405000000000000000e+03
1.410000000000000000e+03
1.415000000000000000e+03
1.420000000000000000e+03
1.425000000000000000e+03
1.430000000000000000e+03
1.435000000000000000e+03
1.440000000000000000e+03
1.445000000000000000e+03
1.450000000000000000e+03
1.455000000000000000e+03
1.460000000000000000e+03
1.465000000000000000e+03
1.470000000000000000e+03
1.475000000000000000e+03
1.480000000000000000e+03
1.485000000000000000e+03
1.490000000000000000e+03
1.495000000000000000e+03
1.500000000000000000e+03
1.505000000000000000e+03
1.510000000000000000e+03
1.515000000000000000e+03
1.520000000000000000e+03
1.525000000000000000e+03
1.530000000000000000e+03
1.535000000000000000e+03
1.540000000000000000e+03
1.545000000000000000e+03
1.550000000000000000e+03
1.555000000000000000e+03
1.560000000000000000e+03
1.565000000000000000e+03
1.570000000000000000e+03
1.575000000000000000e+03
1.580000000000000000e+03
1.585000000000000000e+03
1.590000000000000000e+03
1.595000000000000000e+03
1.600000000000000000e+03
1.605000000000000000e+03
1.610000000000000000e+03
1.615000000000000000e+03
1.620000000000000000e+03
1.625000000000000000e+03
1.630000000000000000e+03
1.635000000000000000e+03
1.640000000000000000e+03
1.645000000000000000e+03
1.650000000000000000e+03
1.655000000000000000e+03
1.660000000000000000e+03
1.665000000000000000e+03
1.670000000000000000e+03
1.675000000000000000e+03
1.680000000000000000e+03
1.685000000000000000e+03
1.690000000000000000e+03
1.695000000000000000e+03
1.700000000000000000e+03
1.705000000000000000e+03
1.710000000000000000e+03
1.715000000000000000e+03
1.720000000000000000e+03
1.725000000000000000e+03
1.730000000000000000e+03
1.735000000000000000e+03
1.740000000000000000e+03
1.745000000000000000e+03
1.750000000000000000e+03
1.755000000000000000e+03
1.760000000000000000e+03
1.765000000000000000e+03
1.770000000000000000e+03
1.775000000000000000e+03
1.780000000000000000e+03
1.785000000000000000e+03
1.790000000000000000e+03
1.795000000000000000e+03
1.800000000000000000e+03
1.805000000000000000e+03
1.810000000000000000e+03
1.815000000000000000e+03
1.820000000000000000e+03
1.825000000000000000e+03
1.830000000000000000e+03
1.835000000000000000e+03
1.840000000000000000e+03
1.845000000000000000e+03
1.850000000000000000e+03
1.855000000000000000e+03
1.860000000000000000e+03
1.865000000000000000e+03
1.870000000000000000e+03
1.875000000000000000e+03
1.880000000000000000e+03
1.885000000000000000e+03
1.890000000000000000e+03
1.895000000000000000e+03
1.900000000000000000e+03
1.905000000000000000e+03
1.910000000000000000e+03
1.915000000000000000e+03
1.920000000000000000e+03
1.925000000000000000e+03
1.930000000000000000e+03
1.935000000000000000e+03
1.940000000000000000e+03
1.945000000000000000e+03
1.950000000000000000e+03
1.955000000000000000e+03
1.960000000000000000e+03
1.965000000000000000e+03
1.970000000000000000e+03
1.975000000000000000e+03
1.980000000000000000e+03
1.985000000000000000e+03
1.990000000000000000e+03
1.995000000000000000e+03
2.000000000000000000e+03
2.005000000000000000e+03
2.010000000000000000e+03
2.015000000000000000e+03
2.020000000000000000e+03
2.025000000000000000e+03
2.030000000000000000e+03
2.035000000000000000e+03
2.040000000000000000e+03
2.045000000000000000e+03
2.050000000000000000e+03
2.055000000000000000e+03
2.060000000000000000e+03
2.065000000000000000e+03
2.070000000000000000e+03
2.075000000000000000e+03
2.080000000000000000e+03
2.085000000000000000e+03
2.090000000000000000e+03
2.095000000000000000e+03
2.100000000000000000e+03
2.105000000000000000e+03
2.110000000000000000e+03
2.115000000000000000e+03
2.120000000000000000e+03
2.125000000000000000e+03
2.130000000000000000e+03
2.135000000000000000e+03
2.140000000000000000e+03
2.145000000000000000e+03
2.150000000000000000e+03
2.155000000000000000e+03
2.160000000000000000e+03
2.165000000000000000e+03
2.170000000000000000e+03
2.175000000000000000e+03
2.180000000000000000e+03
2.185000000000000000e+03
2.190000000000000000e+03
2.195000000000000000e+03
2.200000000000000000e+03
2.205000000000000000e+03
2.210000000000000000e+03
2.215000000000000000e+03
2.220000000000000000e+03
2.225000000000000000e+03
2.230000000000000000e+03
2.235000000000000000e+03
2.240000000000000000e+03
2.245000000000000000e+03
2.250000000000000000e+03
2.255000000000000000e+03
2.260000000000000000e+03
2.265000000000000000e+03
2.270000000000000000e+03
2.275000000000000000e+03
2.280000000000000000e+03
2.285000000000000000e+03
2.290000000000000000e+03
2.295000000000000000e+03
2.300000000000000000e+03
2.305000000000000000e+03
2.310000000000000000e+03
2.315000000000000000e+03
2.320000000000000000e+03
2.325000000000000000e+03
2.330000000000000000e+03
2.335000000000000000e+03
2.340000000000000000e+03
2.345000000000000000e+03
2.350000000000000000e+03
2.355000000000000000e+03
2.360000000000000000e+03
2.365000000000000000e+03
2.370000000000000000e+03
2.375000000000000000e+03
2.380000000000000000e+03
2.385000000000000000e+03
2.390000000000000000e+03
2.395000000000000000e+03
2.400000000000000000e+03
2.405000000000000000e+03
2.410000000000000000e+03
2.415000000000000000e+03
2.420000000000000000e+03
2.425000000000000000e+03
2.430000000000000000e+03
2.435000000000000000e+03
2.440000000000000000e+03
2.445000000000000000e+03
2.450000000000000000e+03
2.455000000000000000e+03
2.460000000000000000e+03
2.465000000000000000e+03
2.470000000000000000e+03
2.475000000000000000e+03
2.480000000000000000e+03
2.485000000000000000e+03
2.490000000000000000e+03
2.495000000000000000e+03
2.500000000000000000e+03
2.505000000000000000e+03
2.510000000000000000e+03
2.515000000000000000e+03
2.520000000000000000e+03
2.525000000000000000e+03
2.530000000000000000e+03
2.535000000000000000e+03
2.540000000000000000e+03
2.545000000000000000e+03
2.550000000000000000e+03
2.555000000000000000e+03
2.560000000000000000e+03
2.565000000000000000e+03
2.570000000000000000e+03
2.575000000000000000e+03
2.580000000000000000e+03
2.585000000000000000e+03
2.590000000000000000e+03
2.595000000000000000e+03
2.600000000000000000e+03
2.605000000000000000e+03
2.610000000000000000e+03
2.615000000000000000e+03
2.620000000000000000e+03
2.625000000000000000e+03
2.630000000000000000e+03
2.635000000000000000e+03
2.640000000000000000e+03
2.645000000000000000e+03
2.650000000000000000e+03
2.655000000000000000e+03
2.660000000000000000e+03
2.665000000000000000e+03
2.670000000000000000e+03
2.675000000000000000e+03
2.680000000000000000e+03
2.685000000000000000e+03
2.690000000000000000e+03
2.695000000000000000e+03
2.700000000000000000e+03
2.705000000000000000e+03
2.710000000000000000e+03
2.715000000000000000e+03
2.720000000000000000e+03
2.725000000000000000e+03
2.730000000000000000e+03
2.735000000000000000e+03
2.740000000000000000e+03
2.745000000000000000e+03
2.750000000000000000e+03
2.755000000000000000e+03
2.760000000000000000e+03
2.765000000000000000e+03
2.770000000000000000e+03
2.775000000000000000e+03
2.780000000000000000e+03
2.785000000000000000e+03
2.790000000000000000e+03
2.795000000000000000e+03
2.800000000000000000e+03
2.805000000000000000e+03
2.810000000000000000e+03
2.815000000000000000e+03
2.820000000000000000e+03
2.825000000000000000e+03
2.830000000000000000e+03
2.835000000000000000e+03
2.840000000000000000e+03
2.845000000000000000e+03
2.850000000000000000e+03
2.855000000000000000e+03
2.860000000000000000e+03
2.865000000000000000e+03
2.870000000000000000e+03
2.875000000000000000e+03
2.880000000000000000e+03
2.885000000000000000e+03
2.890000000000000000e+03
2.895000000000000000e+03
2.900000000000000000e+03
2.905000000000000000e+03
2.910000000000000000e+03
2.915000000000000000e+03
2.920000000000000000e+03
2.925000000000000000e+03
2.930000000000000000e+03
2.935000000000000000e+03
2.940000000000000000e+03
2.945000000000000000e+03
2.950000000000000000e+03
2.955000000000000000e+03
2.960000000000000000e+03
2.965000000000000000e+03
2.970000000000000000e+03
2.975000000000000000e+03
2.980000000000000000e+03
2.985000000000000000e+03
2.990000000000000000e+03
2.995000000000000000e+03
3.000000000000000000e+03
