0.000000000000000000e+00
6.250000000000000347e-03
1.250000000000000069e-02
1.874999999999999931e-02
2.500000000000000139e-02
3.125000000000000000e-02
3.749999999999999861e-02
4.374999999999999722e-02
5.000000000000000278e-02
5.625000000000000139e-02
6.250000000000000000e-02
6.875000000000000555e-02
7.499999999999999722e-02
8.125000000000000278e-02
8.749999999999999445e-02
9.375000000000000000e-02
1.000000000000000056e-01
1.062499999999999972e-01
1.125000000000000028e-01
1.187499999999999944e-01
1.250000000000000000e-01
1.312500000000000056e-01
1.375000000000000111e-01
1.437499999999999889e-01
1.499999999999999944e-01
1.562500000000000000e-01
1.625000000000000056e-01
1.687500000000000111e-01
1.749999999999999889e-01
1.812499999999999944e-01
1.875000000000000000e-01
1.937500000000000056e-01
2.000000000000000111e-01
2.062499999999999889e-01
2.124999999999999944e-01
2.187500000000000000e-01
2.250000000000000056e-01
2.312500000000000111e-01
2.374999999999999889e-01
2.437499999999999944e-01
2.500000000000000000e-01
2.562499999999999778e-01
2.625000000000000111e-01
2.687499999999999889e-01
2.750000000000000222e-01
2.812500000000000000e-01
2.874999999999999778e-01
2.937500000000000111e-01
2.999999999999999889e-01
3.062500000000000222e-01
3.125000000000000000e-01
3.187499999999999778e-01
3.250000000000000111e-01
3.312499999999999889e-01
3.375000000000000222e-01
3.437500000000000000e-01
3.499999999999999778e-01
3.562500000000000111e-01
3.624999999999999889e-01
3.687500000000000222e-01
3.750000000000000000e-01
3.812499999999999778e-01
3.875000000000000111e-01
3.937499999999999889e-01
4.000000000000000222e-01
4.062500000000000000e-01
4.124999999999999778e-01
4.187500000000000111e-01
4.249999999999999889e-01
4.312500000000000222e-01
4.375000000000000000e-01
4.437499999999999778e-01
4.500000000000000111e-01
4.562499999999999889e-01
4.625000000000000222e-01
4.687500000000000000e-01
4.749999999999999778e-01
4.812500000000000111e-01
4.874999999999999889e-01
4.937500000000000222e-01
5.000000000000000000e-01
5.062499999999999778e-01
5.124999999999999556e-01
5.187500000000000444e-01
5.250000000000000222e-01
5.312500000000000000e-01
5.374999999999999778e-01
5.437499999999999556e-01
5.500000000000000444e-01
5.562500000000000222e-01
5.625000000000000000e-01
5.687499999999999778e-01
5.749999999999999556e-01
5.812500000000000444e-01
5.875000000000000222e-01
5.937500000000000000e-01
5.999999999999999778e-01
6.062499999999999556e-01
6.125000000000000444e-01
6.187500000000000222e-01
6.250000000000000000e-01
6.312499999999999778e-01
6.374999999999999556e-01
6.437500000000000444e-01
6.500000000000000222e-01
6.562500000000000000e-01
6.624999999999999778e-01
6.687499999999999556e-01
6.750000000000000444e-01
6.812500000000000222e-01
6.875000000000000000e-01
6.937499999999999778e-01
6.999999999999999556e-01
7.062500000000000444e-01
7.125000000000000222e-01
7.187500000000000000e-01
7.249999999999999778e-01
7.312499999999999556e-01
7.375000000000000444e-01
7.437500000000000222e-01
7.500000000000000000e-01
7.562499999999999778e-01
7.624999999999999556e-01
7.687500000000000444e-01
7.750000000000000222e-01
7.812500000000000000e-01
7.874999999999999778e-01
7.937499999999999556e-01
8.000000000000000444e-01
8.062500000000000222e-01
8.125000000000000000e-01
8.187499999999999778e-01
8.249999999999999556e-01
8.312500000000000444e-01
8.375000000000000222e-01
8.437500000000000000e-01
8.499999999999999778e-01
8.562499999999999556e-01
8.625000000000000444e-01
8.687500000000000222e-01
8.750000000000000000e-01
8.812499999999999778e-01
8.874999999999999556e-01
8.937500000000000444e-01
9.000000000000000222e-01
9.062500000000000000e-01
9.124999999999999778e-01
9.187499999999999556e-01
9.250000000000000444e-01
9.312500000000000222e-01
9.375000000000000000e-01
9.437499999999999778e-01
9.499999999999999556e-01
9.562500000000000444e-01
9.625000000000000222e-01
9.687500000000000000e-01
9.749999999999999778e-01
9.812499999999999556e-01
9.875000000000000444e-01
9.937500000000000222e-01
1.000000000000000000e+00
1.006250000000000089e+00
1.012499999999999956e+00
1.018750000000000044e+00
1.024999999999999911e+00
1.031250000000000000e+00
1.037500000000000089e+00
1.043749999999999956e+00
1.050000000000000044e+00
1.056249999999999911e+00
1.062500000000000000e+00
1.068750000000000089e+00
1.074999999999999956e+00
1.081250000000000044e+00
1.087499999999999911e+00
1.093750000000000000e+00
1.100000000000000089e+00
1.106249999999999956e+00
1.112500000000000044e+00
1.118749999999999911e+00
1.125000000000000000e+00
1.131250000000000089e+00
1.137499999999999956e+00
1.143750000000000044e+00
1.149999999999999911e+00
1.156250000000000000e+00
1.162500000000000089e+00
1.168749999999999956e+00
1.175000000000000044e+00
1.181249999999999911e+00
1.187500000000000000e+00
1.193750000000000089e+00
1.199999999999999956e+00
1.206250000000000044e+00
1.212499999999999911e+00
1.218750000000000000e+00
1.225000000000000089e+00
1.231249999999999956e+00
1.237500000000000044e+00
1.243749999999999911e+00
1.250000000000000000e+00
1.256250000000000089e+00
1.262499999999999956e+00
1.268750000000000044e+00
1.274999999999999911e+00
1.281250000000000000e+00
1.287500000000000089e+00
1.293749999999999956e+00
1.300000000000000044e+00
1.306249999999999911e+00
1.312500000000000000e+00
1.318750000000000089e+00
1.324999999999999956e+00
1.331250000000000044e+00
1.337499999999999911e+00
1.343750000000000000e+00
1.350000000000000089e+00
1.356249999999999956e+00
1.362500000000000044e+00
1.368749999999999911e+00
1.375000000000000000e+00
1.381250000000000089e+00
1.387499999999999956e+00
1.393750000000000044e+00
1.399999999999999911e+00
1.406250000000000000e+00
1.412500000000000089e+00
1.418749999999999956e+00
1.425000000000000044e+00
1.431249999999999911e+00
1.437500000000000000e+00
1.443750000000000089e+00
1.449999999999999956e+00
1.456250000000000044e+00
1.462499999999999911e+00
1.468750000000000000e+00
1.475000000000000089e+00
1.481249999999999956e+00
1.487500000000000044e+00
1.493749999999999911e+00
1.500000000000000000e+00
1.506250000000000089e+00
1.512499999999999956e+00
1.518750000000000044e+00
1.524999999999999911e+00
1.531250000000000000e+00
1.537500000000000089e+00
1.543749999999999956e+00
1.550000000000000044e+00
1.556249999999999911e+00
1.562500000000000000e+00
1.568750000000000089e+00
1.574999999999999956e+00
1.581250000000000044e+00
1.587499999999999911e+00
1.593750000000000000e+00
1.600000000000000089e+00
1.606249999999999956e+00
1.612500000000000044e+00
1.618749999999999911e+00
1.625000000000000000e+00
1.631250000000000089e+00
1.637499999999999956e+00
1.643750000000000044e+00
1.649999999999999911e+00
1.656250000000000000e+00
1.662500000000000089e+00
1.668749999999999956e+00
1.675000000000000044e+00
1.681249999999999911e+00
1.687500000000000000e+00
1.693750000000000089e+00
1.699999999999999956e+00
1.706250000000000044e+00
1.712499999999999911e+00
1.718750000000000000e+00
1.725000000000000089e+00
1.731249999999999956e+00
1.737500000000000044e+00
1.743749999999999911e+00
1.750000000000000000e+00
1.756250000000000089e+00
1.762499999999999956e+00
1.768750000000000044e+00
1.774999999999999911e+00
1.781250000000000000e+00
1.787500000000000089e+00
1.793749999999999956e+00
1.800000000000000044e+00
1.806249999999999911e+00
1.812500000000000000e+00
1.818750000000000089e+00
1.824999999999999956e+00
1.831250000000000044e+00
1.837499999999999911e+00
1.843750000000000000e+00
1.850000000000000089e+00
1.856249999999999956e+00
1.862500000000000044e+00
1.868749999999999911e+00
1.875000000000000000e+00
1.881250000000000089e+00
1.887499999999999956e+00
1.893750000000000044e+00
1.899999999999999911e+00
1.906250000000000000e+00
1.912500000000000089e+00
1.918749999999999956e+00
1.925000000000000044e+00
1.931249999999999911e+00
1.937500000000000000e+00
1.943750000000000089e+00
1.949999999999999956e+00
1.956250000000000044e+00
1.962499999999999911e+00
1.968750000000000000e+00
1.975000000000000089e+00
1.981249999999999956e+00
1.987500000000000044e+00
1.993749999999999911e+00
2.000000000000000000e+00
2.006250000000000089e+00
2.012500000000000178e+00
2.018749999999999822e+00
2.024999999999999911e+00
2.031250000000000000e+00
2.037500000000000089e+00
2.043750000000000178e+00
2.049999999999999822e+00
2.056249999999999911e+00
2.062500000000000000e+00
2.068750000000000089e+00
2.075000000000000178e+00
2.081249999999999822e+00
2.087499999999999911e+00
2.093750000000000000e+00
2.100000000000000089e+00
2.106250000000000178e+00
2.112499999999999822e+00
2.118749999999999911e+00
2.125000000000000000e+00
2.131250000000000089e+00
2.137500000000000178e+00
2.143749999999999822e+00
2.149999999999999911e+00
2.156250000000000000e+00
2.162500000000000089e+00
2.168750000000000178e+00
2.174999999999999822e+00
2.181249999999999911e+00
2.187500000000000000e+00
2.193750000000000089e+00
2.200000000000000178e+00
2.206249999999999822e+00
2.212499999999999911e+00
2.218750000000000000e+00
2.225000000000000089e+00
2.231250000000000178e+00
2.237499999999999822e+00
2.243749999999999911e+00
2.250000000000000000e+00
2.256250000000000089e+00
2.262500000000000178e+00
2.268749999999999822e+00
2.274999999999999911e+00
2.281250000000000000e+00
2.287500000000000089e+00
2.293750000000000178e+00
2.299999999999999822e+00
2.306249999999999911e+00
2.312500000000000000e+00
2.318750000000000089e+00
2.325000000000000178e+00
2.331249999999999822e+00
2.337499999999999911e+00
2.343750000000000000e+00
2.350000000000000089e+00
2.356250000000000178e+00
2.362499999999999822e+00
2.368749999999999911e+00
2.375000000000000000e+00
2.381250000000000089e+00
2.387500000000000178e+00
2.393749999999999822e+00
2.399999999999999911e+00
2.406250000000000000e+00
2.412500000000000089e+00
2.418750000000000178e+00
2.424999999999999822e+00
2.431249999999999911e+00
2.437500000000000000e+00
2.443750000000000089e+00
2.450000000000000178e+00
2.456249999999999822e+00
2.462499999999999911e+00
2.468750000000000000e+00
2.475000000000000089e+00
2.481250000000000178e+00
2.487499999999999822e+00
2.493749999999999911e+00
2.500000000000000000e+00
2.506250000000000089e+00
2.512500000000000178e+00
2.518749999999999822e+00
2.524999999999999911e+00
2.531250000000000000e+00
2.537500000000000089e+00
2.543750000000000178e+00
2.549999999999999822e+00
2.556249999999999911e+00
2.562500000000000000e+00
2.568750000000000089e+00
2.575000000000000178e+00
2.581249999999999822e+00
2.587499999999999911e+00
2.593750000000000000e+00
2.600000000000000089e+00
2.606250000000000178e+00
2.612499999999999822e+00
2.618749999999999911e+00
2.625000000000000000e+00
2.631250000000000089e+00
2.637500000000000178e+00
2.643749999999999822e+00
2.649999999999999911e+00
2.656250000000000000e+00
2.662500000000000089e+00
2.668750000000000178e+00
2.674999999999999822e+00
2.681249999999999911e+00
2.687500000000000000e+00
2.693750000000000089e+00
2.700000000000000178e+00
2.706249999999999822e+00
2.712499999999999911e+00
2.718750000000000000e+00
2.725000000000000089e+00
2.731250000000000178e+00
2.737499999999999822e+00
2.743749999999999911e+00
2.750000000000000000e+00
2.756250000000000089e+00
2.762500000000000178e+00
2.768749999999999822e+00
2.774999999999999911e+00
2.781250000000000000e+00
2.787500000000000089e+00
2.793750000000000178e+00
2.799999999999999822e+00
2.806249999999999911e+00
2.812500000000000000e+00
2.818750000000000089e+00
2.825000000000000178e+00
2.831249999999999822e+00
2.837499999999999911e+00
2.843750000000000000e+00
2.850000000000000089e+00
2.856250000000000178e+00
2.862499999999999822e+00
2.868749999999999911e+00
2.875000000000000000e+00
2.881250000000000089e+00
2.887500000000000178e+00
2.893749999999999822e+00
2.899999999999999911e+00
2.906250000000000000e+00
2.912500000000000089e+00
2.918750000000000178e+00
2.924999999999999822e+00
2.931249999999999911e+00
2.937500000000000000e+00
2.943750000000000089e+00
2.950000000000000178e+00
2.956249999999999822e+00
2.962499999999999911e+00
2.968750000000000000e+00
2.975000000000000089e+00
2.981250000000000178e+00
2.987499999999999822e+00
2.993749999999999911e+00
3.000000000000000000e+00
3.006250000000000089e+00
3.012500000000000178e+00
3.018749999999999822e+00
3.024999999999999911e+00
3.031250000000000000e+00
3.037500000000000089e+00
3.043750000000000178e+00
3.049999999999999822e+00
3.056249999999999911e+00
3.062500000000000000e+00
3.068750000000000089e+00
3.075000000000000178e+00
3.081249999999999822e+00
3.087499999999999911e+00
3.093750000000000000e+00
3.100000000000000089e+00
3.106250000000000178e+00
3.112499999999999822e+00
3.118749999999999911e+00
3.125000000000000000e+00
3.131250000000000089e+00
3.137500000000000178e+00
3.143749999999999822e+00
3.149999999999999911e+00
3.156250000000000000e+00
3.162500000000000089e+00
3.168750000000000178e+00
3.174999999999999822e+00
3.181249999999999911e+00
3.187500000000000000e+00
3.193750000000000089e+00
3.200000000000000178e+00
3.206249999999999822e+00
3.212499999999999911e+00
3.218750000000000000e+00
3.225000000000000089e+00
3.231250000000000178e+00
3.237499999999999822e+00
3.243749999999999911e+00
3.250000000000000000e+00
3.256250000000000089e+00
3.262500000000000178e+00
3.268749999999999822e+00
3.274999999999999911e+00
3.281250000000000000e+00
3.287500000000000089e+00
3.293750000000000178e+00
3.299999999999999822e+00
3.306249999999999911e+00
3.312500000000000000e+00
3.318750000000000089e+00
3.325000000000000178e+00
3.331249999999999822e+00
3.337499999999999911e+00
3.343750000000000000e+00
3.350000000000000089e+00
3.356250000000000178e+00
3.362499999999999822e+00
3.368749999999999911e+00
3.375000000000000000e+00
3.381250000000000089e+00
3.387500000000000178e+00
3.393749999999999822e+00
3.399999999999999911e+00
3.406250000000000000e+00
3.412500000000000089e+00
3.418750000000000178e+00
3.424999999999999822e+00
3.431249999999999911e+00
3.437500000000000000e+00
3.443750000000000089e+00
3.450000000000000178e+00
3.456249999999999822e+00
3.462499999999999911e+00
3.468750000000000000e+00
3.475000000000000089e+00
3.481250000000000178e+00
3.487499999999999822e+00
3.493749999999999911e+00
3.500000000000000000e+00
3.506250000000000089e+00
3.512500000000000178e+00
3.518749999999999822e+00
3.524999999999999911e+00
3.531250000000000000e+00
3.537500000000000089e+00
3.543750000000000178e+00
3.549999999999999822e+00
3.556249999999999911e+00
3.562500000000000000e+00
3.568750000000000089e+00
3.575000000000000178e+00
3.581249999999999822e+00
3.587499999999999911e+00
3.593750000000000000e+00
3.600000000000000089e+00
3.606250000000000178e+00
3.612499999999999822e+00
3.618749999999999911e+00
3.625000000000000000e+00
3.631250000000000089e+00
3.637500000000000178e+00
3.643749999999999822e+00
3.649999999999999911e+00
3.656250000000000000e+00
3.662500000000000089e+00
3.668750000000000178e+00
3.674999999999999822e+00
3.681249999999999911e+00
3.687500000000000000e+00
3.693750000000000089e+00
3.700000000000000178e+00
3.706249999999999822e+00
3.712499999999999911e+00
3.718750000000000000e+00
3.725000000000000089e+00
3.731250000000000178e+00
3.737499999999999822e+00
3.743749999999999911e+00
3.750000000000000000e+00
3.756250000000000089e+00
3.762500000000000178e+00
3.768749999999999822e+00
3.774999999999999911e+00
3.781250000000000000e+00
3.787500000000000089e+00
3.793750000000000178e+00
3.799999999999999822e+00
3.806249999999999911e+00
3.812500000000000000e+00
3.818750000000000089e+00
3.825000000000000178e+00
3.831249999999999822e+00
3.837499999999999911e+00
3.843750000000000000e+00
3.850000000000000089e+00
3.856250000000000178e+00
3.862499999999999822e+00
3.868749999999999911e+00
3.875000000000000000e+00
3.881250000000000089e+00
3.887500000000000178e+00
3.893749999999999822e+00
3.899999999999999911e+00
3.906250000000000000e+00
3.912500000000000089e+00
3.918750000000000178e+00
3.924999999999999822e+00
3.931249999999999911e+00
3.937500000000000000e+00
3.943750000000000089e+00
3.950000000000000178e+00
3.956249999999999822e+00
3.962499999999999911e+00
3.968750000000000000e+00
3.975000000000000089e+00
3.981250000000000178e+00
3.987499999999999822e+00
3.993749999999999911e+00
4.000000000000000000e+00
4.006249999999999645e+00
4.012500000000000178e+00
4.018749999999999822e+00
4.025000000000000355e+00
4.031250000000000000e+00
4.037499999999999645e+00
4.043750000000000178e+00
4.049999999999999822e+00
4.056250000000000355e+00
4.062500000000000000e+00
4.068749999999999645e+00
4.075000000000000178e+00
4.081249999999999822e+00
4.087500000000000355e+00
4.093750000000000000e+00
4.099999999999999645e+00
4.106250000000000178e+00
4.112499999999999822e+00
4.118750000000000355e+00
4.125000000000000000e+00
4.131249999999999645e+00
4.137500000000000178e+00
4.143749999999999822e+00
4.150000000000000355e+00
4.156250000000000000e+00
4.162499999999999645e+00
4.168750000000000178e+00
4.174999999999999822e+00
4.181250000000000355e+00
4.187500000000000000e+00
4.193749999999999645e+00
4.200000000000000178e+00
4.206249999999999822e+00
4.212500000000000355e+00
4.218750000000000000e+00
4.224999999999999645e+00
4.231250000000000178e+00
4.237499999999999822e+00
4.243750000000000355e+00
4.250000000000000000e+00
4.256249999999999645e+00
4.262500000000000178e+00
4.268749999999999822e+00
4.275000000000000355e+00
4.281250000000000000e+00
4.287499999999999645e+00
4.293750000000000178e+00
4.299999999999999822e+00
4.306250000000000355e+00
4.312500000000000000e+00
4.318749999999999645e+00
4.325000000000000178e+00
4.331249999999999822e+00
4.337500000000000355e+00
4.343750000000000000e+00
4.349999999999999645e+00
4.356250000000000178e+00
4.362499999999999822e+00
4.368750000000000355e+00
4.375000000000000000e+00
4.381249999999999645e+00
4.387500000000000178e+00
4.393749999999999822e+00
4.400000000000000355e+00
4.406250000000000000e+00
4.412499999999999645e+00
4.418750000000000178e+00
4.424999999999999822e+00
4.431250000000000355e+00
4.437500000000000000e+00
4.443749999999999645e+00
4.450000000000000178e+00
4.456249999999999822e+00
4.462500000000000355e+00
4.468750000000000000e+00
4.474999999999999645e+00
4.481250000000000178e+00
4.487499999999999822e+00
4.493750000000000355e+00
4.500000000000000000e+00
4.506249999999999645e+00
4.512500000000000178e+00
4.518749999999999822e+00
4.525000000000000355e+00
4.531250000000000000e+00
4.537499999999999645e+00
4.543750000000000178e+00
4.549999999999999822e+00
4.556250000000000355e+00
4.562500000000000000e+00
4.568749999999999645e+00
4.575000000000000178e+00
4.581249999999999822e+00
4.587500000000000355e+00
4.593750000000000000e+00
4.599999999999999645e+00
4.606250000000000178e+00
4.612499999999999822e+00
4.618750000000000355e+00
4.625000000000000000e+00
4.631249999999999645e+00
4.637500000000000178e+00
4.643749999999999822e+00
4.650000000000000355e+00
4.656250000000000000e+00
4.662499999999999645e+00
4.668750000000000178e+00
4.674999999999999822e+00
4.681250000000000355e+00
4.687500000000000000e+00
4.693749999999999645e+00
4.700000000000000178e+00
4.706249999999999822e+00
4.712500000000000355e+00
4.718750000000000000e+00
4.724999999999999645e+00
4.731250000000000178e+00
4.737499999999999822e+00
4.743750000000000355e+00
4.750000000000000000e+00
4.756249999999999645e+00
4.762500000000000178e+00
4.768749999999999822e+00
4.775000000000000355e+00
4.781250000000000000e+00
4.787499999999999645e+00
4.793750000000000178e+00
4.799999999999999822e+00
4.806250000000000355e+00
4.812500000000000000e+00
4.818749999999999645e+00
4.825000000000000178e+00
4.831249999999999822e+00
4.837500000000000355e+00
4.843750000000000000e+00
4.849999999999999645e+00
4.856250000000000178e+00
4.862499999999999822e+00
4.868750000000000355e+00
4.875000000000000000e+00
4.881249999999999645e+00
4.887500000000000178e+00
4.893749999999999822e+00
4.900000000000000355e+00
4.906250000000000000e+00
4.912499999999999645e+00
4.918750000000000178e+00
4.924999999999999822e+00
4.931250000000000355e+00
4.937500000000000000e+00
4.943749999999999645e+00
4.950000000000000178e+00
4.956249999999999822e+00
4.962500000000000355e+00
4.968750000000000000e+00
4.974999999999999645e+00
4.981250000000000178e+00
4.987499999999999822e+00
4.993750000000000355e+00
5.000000000000000000e+00
5.006249999999999645e+00
5.012500000000000178e+00
5.018749999999999822e+00
5.025000000000000355e+00
5.031250000000000000e+00
5.037499999999999645e+00
5.043750000000000178e+00
5.049999999999999822e+00
5.056250000000000355e+00
5.062500000000000000e+00
5.068749999999999645e+00
5.075000000000000178e+00
5.081249999999999822e+00
5.087500000000000355e+00
5.093750000000000000e+00
5.099999999999999645e+00
5.106250000000000178e+00
5.112499999999999822e+00
5.118750000000000355e+00
5.125000000000000000e+00
5.131249999999999645e+00
5.137500000000000178e+00
5.143749999999999822e+00
5.150000000000000355e+00
5.156250000000000000e+00
5.162499999999999645e+00
5.168750000000000178e+00
5.174999999999999822e+00
5.181250000000000355e+00
5.187500000000000000e+00
5.193749999999999645e+00
5.200000000000000178e+00
5.206249999999999822e+00
5.212500000000000355e+00
5.218750000000000000e+00
5.224999999999999645e+00
5.231250000000000178e+00
5.237499999999999822e+00
5.243750000000000355e+00
5.250000000000000000e+00
5.256249999999999645e+00
5.262500000000000178e+00
5.268749999999999822e+00
5.275000000000000355e+00
5.281250000000000000e+00
5.287499999999999645e+00
5.293750000000000178e+00
5.299999999999999822e+00
5.306250000000000355e+00
5.312500000000000000e+00
5.318749999999999645e+00
5.325000000000000178e+00
5.331249999999999822e+00
5.337500000000000355e+00
5.343750000000000000e+00
5.349999999999999645e+00
5.356250000000000178e+00
5.362499999999999822e+00
5.368750000000000355e+00
5.375000000000000000e+00
5.381249999999999645e+00
5.387500000000000178e+00
5.393749999999999822e+00
5.400000000000000355e+00
5.406250000000000000e+00
5.412499999999999645e+00
5.418750000000000178e+00
5.424999999999999822e+00
5.431250000000000355e+00
5.437500000000000000e+00
5.443749999999999645e+00
5.450000000000000178e+00
5.456249999999999822e+00
5.462500000000000355e+00
5.468750000000000000e+00
5.474999999999999645e+00
5.481250000000000178e+00
5.487499999999999822e+00
5.493750000000000355e+00
5.500000000000000000e+00
5.506249999999999645e+00
5.512500000000000178e+00
5.518749999999999822e+00
5.525000000000000355e+00
5.531250000000000000e+00
5.537499999999999645e+00
5.543750000000000178e+00
5.549999999999999822e+00
5.556250000000000355e+00
5.562500000000000000e+00
5.568749999999999645e+00
5.575000000000000178e+00
5.581249999999999822e+00
5.587500000000000355e+00
5.593750000000000000e+00
5.599999999999999645e+00
5.606250000000000178e+00
5.612499999999999822e+00
5.618750000000000355e+00
5.625000000000000000e+00
5.631249999999999645e+00
5.637500000000000178e+00
5.643749999999999822e+00
5.650000000000000355e+00
5.656250000000000000e+00
5.662499999999999645e+00
5.668750000000000178e+00
5.674999999999999822e+00
5.681250000000000355e+00
5.687500000000000000e+00
5.693749999999999645e+00
5.700000000000000178e+00
5.706249999999999822e+00
5.712500000000000355e+00
5.718750000000000000e+00
5.724999999999999645e+00
5.731250000000000178e+00
5.737499999999999822e+00
5.743750000000000355e+00
5.750000000000000000e+00
5.756249999999999645e+00
5.762500000000000178e+00
5.768749999999999822e+00
5.775000000000000355e+00
5.781250000000000000e+00
5.787499999999999645e+00
5.793750000000000178e+00
5.799999999999999822e+00
5.806250000000000355e+00
5.812500000000000000e+00
5.818749999999999645e+00
5.825000000000000178e+00
5.831249999999999822e+00
5.837500000000000355e+00
5.843750000000000000e+00
5.849999999999999645e+00
5.856250000000000178e+00
5.862499999999999822e+00
5.868750000000000355e+00
5.875000000000000000e+00
5.881249999999999645e+00
5.887500000000000178e+00
5.893749999999999822e+00
5.900000000000000355e+00
5.906250000000000000e+00
5.912499999999999645e+00
5.918750000000000178e+00
5.924999999999999822e+00
5.931250000000000355e+00
5.937500000000000000e+00
5.943749999999999645e+00
5.950000000000000178e+00
5.956249999999999822e+00
5.962500000000000355e+00
5.968750000000000000e+00
5.974999999999999645e+00
5.981250000000000178e+00
5.987499999999999822e+00
5.993750000000000355e+00
6.000000000000000000e+00
6.006249999999999645e+00
6.012500000000000178e+00
6.018749999999999822e+00
6.025000000000000355e+00
6.031250000000000000e+00
6.037499999999999645e+00
6.043750000000000178e+00
6.049999999999999822e+00
6.056250000000000355e+00
6.062500000000000000e+00
6.068749999999999645e+00
6.075000000000000178e+00
6.081249999999999822e+00
6.087500000000000355e+00
6.093750000000000000e+00
6.099999999999999645e+00
6.106250000000000178e+00
6.112499999999999822e+00
6.118750000000000355e+00
6.125000000000000000e+00
6.131249999999999645e+00
6.137500000000000178e+00
6.143749999999999822e+00
6.150000000000000355e+00
6.156250000000000000e+00
6.162499999999999645e+00
6.168750000000000178e+00
6.174999999999999822e+00
6.181250000000000355e+00
6.187500000000000000e+00
6.193749999999999645e+00
6.200000000000000178e+00
6.206249999999999822e+00
6.212500000000000355e+00
6.218750000000000000e+00
6.224999999999999645e+00
6.231250000000000178e+00
6.237499999999999822e+00
6.243750000000000355e+00
6.250000000000000000e+00
6.256249999999999645e+00
6.262500000000000178e+00
6.268749999999999822e+00
6.275000000000000355e+00
6.281250000000000000e+00
6.287499999999999645e+00
6.293750000000000178e+00
6.299999999999999822e+00
6.306250000000000355e+00
6.312500000000000000e+00
6.318749999999999645e+00
6.325000000000000178e+00
6.331249999999999822e+00
6.337500000000000355e+00
6.343750000000000000e+00
6.349999999999999645e+00
6.356250000000000178e+00
6.362499999999999822e+00
6.368750000000000355e+00
6.375000000000000000e+00
6.381249999999999645e+00
6.387500000000000178e+00
6.393749999999999822e+00
6.400000000000000355e+00
6.406250000000000000e+00
6.412499999999999645e+00
6.418750000000000178e+00
6.424999999999999822e+00
6.431250000000000355e+00
6.437500000000000000e+00
6.443749999999999645e+00
6.450000000000000178e+00
6.456249999999999822e+00
6.462500000000000355e+00
6.468750000000000000e+00
6.474999999999999645e+00
6.481250000000000178e+00
6.487499999999999822e+00
6.493750000000000355e+00
6.500000000000000000e+00
6.506249999999999645e+00
6.512500000000000178e+00
6.518749999999999822e+00
6.525000000000000355e+00
6.531250000000000000e+00
6.537499999999999645e+00
6.543750000000000178e+00
6.549999999999999822e+00
6.556250000000000355e+00
6.562500000000000000e+00
6.568749999999999645e+00
6.575000000000000178e+00
6.581249999999999822e+00
6.587500000000000355e+00
6.593750000000000000e+00
6.599999999999999645e+00
6.606250000000000178e+00
6.612499999999999822e+00
6.618750000000000355e+00
6.625000000000000000e+00
6.631249999999999645e+00
6.637500000000000178e+00
6.643749999999999822e+00
6.650000000000000355e+00
6.656250000000000000e+00
6.662499999999999645e+00
6.668750000000000178e+00
6.674999999999999822e+00
6.681250000000000355e+00
6.687500000000000000e+00
6.693749999999999645e+00
6.700000000000000178e+00
6.706249999999999822e+00
6.712500000000000355e+00
6.718750000000000000e+00
6.724999999999999645e+00
6.731250000000000178e+00
6.737499999999999822e+00
6.743750000000000355e+00
6.750000000000000000e+00
6.756249999999999645e+00
6.762500000000000178e+00
6.768749999999999822e+00
6.775000000000000355e+00
6.781250000000000000e+00
6.787499999999999645e+00
6.793750000000000178e+00
6.799999999999999822e+00
6.806250000000000355e+00
6.812500000000000000e+00
6.818749999999999645e+00
6.825000000000000178e+00
6.831249999999999822e+00
6.837500000000000355e+00
6.843750000000000000e+00
6.849999999999999645e+00
6.856250000000000178e+00
6.862499999999999822e+00
6.868750000000000355e+00
6.875000000000000000e+00
6.881249999999999645e+00
6.887500000000000178e+00
6.893749999999999822e+00
6.900000000000000355e+00
6.906250000000000000e+00
6.912499999999999645e+00
6.918750000000000178e+00
6.924999999999999822e+00
6.931250000000000355e+00
6.937500000000000000e+00
6.943749999999999645e+00
6.950000000000000178e+00
6.956249999999999822e+00
6.962500000000000355e+00
6.968750000000000000e+00
6.974999999999999645e+00
6.981250000000000178e+00
6.987499999999999822e+00
6.993750000000000355e+00
7.000000000000000000e+00
7.006249999999999645e+00
7.012500000000000178e+00
7.018749999999999822e+00
7.025000000000000355e+00
7.031250000000000000e+00
7.037499999999999645e+00
7.043750000000000178e+00
7.049999999999999822e+00
7.056250000000000355e+00
7.062500000000000000e+00
7.068749999999999645e+00
7.075000000000000178e+00
7.081249999999999822e+00
7.087500000000000355e+00
7.093750000000000000e+00
7.099999999999999645e+00
7.106250000000000178e+00
7.112499999999999822e+00
7.118750000000000355e+00
7.125000000000000000e+00
7.131249999999999645e+00
7.137500000000000178e+00
7.143749999999999822e+00
7.150000000000000355e+00
7.156250000000000000e+00
7.162499999999999645e+00
7.168750000000000178e+00
7.174999999999999822e+00
7.181250000000000355e+00
7.187500000000000000e+00
7.193749999999999645e+00
7.200000000000000178e+00
7.206249999999999822e+00
7.212500000000000355e+00
7.218750000000000000e+00
7.224999999999999645e+00
7.231250000000000178e+00
7.237499999999999822e+00
7.243750000000000355e+00
7.250000000000000000e+00
7.256249999999999645e+00
7.262500000000000178e+00
7.268749999999999822e+00
7.275000000000000355e+00
7.281250000000000000e+00
7.287499999999999645e+00
7.293750000000000178e+00
7.299999999999999822e+00
7.306250000000000355e+00
7.312500000000000000e+00
7.318749999999999645e+00
7.325000000000000178e+00
7.331249999999999822e+00
7.337500000000000355e+00
7.343750000000000000e+00
7.349999999999999645e+00
7.356250000000000178e+00
7.362499999999999822e+00
7.368750000000000355e+00
7.375000000000000000e+00
7.381249999999999645e+00
7.387500000000000178e+00
7.393749999999999822e+00
7.400000000000000355e+00
7.406250000000000000e+00
7.412499999999999645e+00
7.418750000000000178e+00
7.424999999999999822e+00
7.431250000000000355e+00
7.437500000000000000e+00
7.443749999999999645e+00
7.450000000000000178e+00
7.456249999999999822e+00
7.462500000000000355e+00
7.468750000000000000e+00
7.474999999999999645e+00
7.481250000000000178e+00
7.487499999999999822e+00
7.493750000000000355e+00
7.500000000000000000e+00
7.506249999999999645e+00
7.512500000000000178e+00
7.518749999999999822e+00
7.525000000000000355e+00
7.531250000000000000e+00
7.537499999999999645e+00
7.543750000000000178e+00
7.549999999999999822e+00
7.556250000000000355e+00
7.562500000000000000e+00
7.568749999999999645e+00
7.575000000000000178e+00
7.581249999999999822e+00
7.587500000000000355e+00
7.593750000000000000e+00
7.599999999999999645e+00
7.606250000000000178e+00
7.612499999999999822e+00
7.618750000000000355e+00
7.625000000000000000e+00
7.631249999999999645e+00
7.637500000000000178e+00
7.643749999999999822e+00
7.650000000000000355e+00
7.656250000000000000e+00
7.662499999999999645e+00
7.668750000000000178e+00
7.674999999999999822e+00
7.681250000000000355e+00
7.687500000000000000e+00
7.693749999999999645e+00
7.700000000000000178e+00
7.706249999999999822e+00
7.712500000000000355e+00
7.718750000000000000e+00
7.724999999999999645e+00
7.731250000000000178e+00
7.737499999999999822e+00
7.743750000000000355e+00
7.750000000000000000e+00
7.756249999999999645e+00
7.762500000000000178e+00
7.768749999999999822e+00
7.775000000000000355e+00
7.781250000000000000e+00
7.787499999999999645e+00
7.793750000000000178e+00
7.799999999999999822e+00
7.806250000000000355e+00
7.812500000000000000e+00
7.818749999999999645e+00
7.825000000000000178e+00
7.831249999999999822e+00
7.837500000000000355e+00
7.843750000000000000e+00
7.849999999999999645e+00
7.856250000000000178e+00
7.862499999999999822e+00
7.868750000000000355e+00
7.875000000000000000e+00
7.881249999999999645e+00
7.887500000000000178e+00
7.893749999999999822e+00
7.900000000000000355e+00
7.906250000000000000e+00
7.912499999999999645e+00
7.918750000000000178e+00
7.924999999999999822e+00
7.931250000000000355e+00
7.937500000000000000e+00
7.943749999999999645e+00
7.950000000000000178e+00
7.956249999999999822e+00
7.962500000000000355e+00
7.968750000000000000e+00
7.974999999999999645e+00
7.981250000000000178e+00
7.987499999999999822e+00
7.993750000000000355e+00
8.000000000000000000e+00
8.006249999999999645e+00
8.012499999999999289e+00
8.018750000000000711e+00
8.025000000000000355e+00
8.031250000000000000e+00
8.037499999999999645e+00
8.043749999999999289e+00
8.050000000000000711e+00
8.056250000000000355e+00
8.062500000000000000e+00
8.068749999999999645e+00
8.074999999999999289e+00
8.081250000000000711e+00
8.087500000000000355e+00
8.093750000000000000e+00
8.099999999999999645e+00
8.106249999999999289e+00
8.112500000000000711e+00
8.118750000000000355e+00
8.125000000000000000e+00
8.131249999999999645e+00
8.137499999999999289e+00
8.143750000000000711e+00
8.150000000000000355e+00
8.156250000000000000e+00
8.162499999999999645e+00
8.168749999999999289e+00
8.175000000000000711e+00
8.181250000000000355e+00
8.187500000000000000e+00
8.193749999999999645e+00
8.199999999999999289e+00
8.206250000000000711e+00
8.212500000000000355e+00
8.218750000000000000e+00
8.224999999999999645e+00
8.231249999999999289e+00
8.237500000000000711e+00
8.243750000000000355e+00
8.250000000000000000e+00
8.256249999999999645e+00
8.262499999999999289e+00
8.268750000000000711e+00
8.275000000000000355e+00
8.281250000000000000e+00
8.287499999999999645e+00
8.293749999999999289e+00
8.300000000000000711e+00
8.306250000000000355e+00
8.312500000000000000e+00
8.318749999999999645e+00
8.324999999999999289e+00
8.331250000000000711e+00
8.337500000000000355e+00
8.343750000000000000e+00
8.349999999999999645e+00
8.356249999999999289e+00
8.362500000000000711e+00
8.368750000000000355e+00
8.375000000000000000e+00
8.381249999999999645e+00
8.387499999999999289e+00
8.393750000000000711e+00
8.400000000000000355e+00
8.406250000000000000e+00
8.412499999999999645e+00
8.418749999999999289e+00
8.425000000000000711e+00
8.431250000000000355e+00
8.437500000000000000e+00
8.443749999999999645e+00
8.449999999999999289e+00
8.456250000000000711e+00
8.462500000000000355e+00
8.468750000000000000e+00
8.474999999999999645e+00
8.481249999999999289e+00
8.487500000000000711e+00
8.493750000000000355e+00
8.500000000000000000e+00
8.506249999999999645e+00
8.512499999999999289e+00
8.518750000000000711e+00
8.525000000000000355e+00
8.531250000000000000e+00
8.537499999999999645e+00
8.543749999999999289e+00
8.550000000000000711e+00
8.556250000000000355e+00
8.562500000000000000e+00
8.568749999999999645e+00
8.574999999999999289e+00
8.581250000000000711e+00
8.587500000000000355e+00
8.593750000000000000e+00
8.599999999999999645e+00
8.606249999999999289e+00
8.612500000000000711e+00
8.618750000000000355e+00
8.625000000000000000e+00
8.631249999999999645e+00
8.637499999999999289e+00
8.643750000000000711e+00
8.650000000000000355e+00
8.656250000000000000e+00
8.662499999999999645e+00
8.668749999999999289e+00
8.675000000000000711e+00
8.681250000000000355e+00
8.687500000000000000e+00
8.693749999999999645e+00
8.699999999999999289e+00
8.706250000000000711e+00
8.712500000000000355e+00
8.718750000000000000e+00
8.724999999999999645e+00
8.731249999999999289e+00
8.737500000000000711e+00
8.743750000000000355e+00
8.750000000000000000e+00
8.756249999999999645e+00
8.762499999999999289e+00
8.768750000000000711e+00
8.775000000000000355e+00
8.781250000000000000e+00
8.787499999999999645e+00
8.793749999999999289e+00
8.800000000000000711e+00
8.806250000000000355e+00
8.812500000000000000e+00
8.818749999999999645e+00
8.824999999999999289e+00
8.831250000000000711e+00
8.837500000000000355e+00
8.843750000000000000e+00
8.849999999999999645e+00
8.856249999999999289e+00
8.862500000000000711e+00
8.868750000000000355e+00
8.875000000000000000e+00
8.881249999999999645e+00
8.887499999999999289e+00
8.893750000000000711e+00
8.900000000000000355e+00
8.906250000000000000e+00
8.912499999999999645e+00
8.918749999999999289e+00
8.925000000000000711e+00
8.931250000000000355e+00
8.937500000000000000e+00
8.943749999999999645e+00
8.949999999999999289e+00
8.956250000000000711e+00
8.962500000000000355e+00
8.968750000000000000e+00
8.974999999999999645e+00
8.981249999999999289e+00
8.987500000000000711e+00
8.993750000000000355e+00
9.000000000000000000e+00
9.006249999999999645e+00
9.012499999999999289e+00
9.018750000000000711e+00
9.025000000000000355e+00
9.031250000000000000e+00
9.037499999999999645e+00
9.043749999999999289e+00
9.050000000000000711e+00
9.056250000000000355e+00
9.062500000000000000e+00
9.068749999999999645e+00
9.074999999999999289e+00
9.081250000000000711e+00
9.087500000000000355e+00
9.093750000000000000e+00
9.099999999999999645e+00
9.106249999999999289e+00
9.112500000000000711e+00
9.118750000000000355e+00
9.125000000000000000e+00
9.131249999999999645e+00
9.137499999999999289e+00
9.143750000000000711e+00
9.150000000000000355e+00
9.156250000000000000e+00
9.162499999999999645e+00
9.168749999999999289e+00
9.175000000000000711e+00
9.181250000000000355e+00
9.187500000000000000e+00
9.193749999999999645e+00
9.199999999999999289e+00
9.206250000000000711e+00
9.212500000000000355e+00
9.218750000000000000e+00
9.224999999999999645e+00
9.231249999999999289e+00
9.237500000000000711e+00
9.243750000000000355e+00
9.250000000000000000e+00
9.256249999999999645e+00
9.262499999999999289e+00
9.268750000000000711e+00
9.275000000000000355e+00
9.281250000000000000e+00
9.287499999999999645e+00
9.293749999999999289e+00
9.300000000000000711e+00
9.306250000000000355e+00
9.312500000000000000e+00
9.318749999999999645e+00
9.324999999999999289e+00
9.331250000000000711e+00
9.337500000000000355e+00
9.343750000000000000e+00
9.349999999999999645e+00
9.356249999999999289e+00
9.362500000000000711e+00
9.368750000000000355e+00
9.375000000000000000e+00
9.381249999999999645e+00
9.387499999999999289e+00
9.393750000000000711e+00
9.400000000000000355e+00
9.406250000000000000e+00
9.412499999999999645e+00
9.418749999999999289e+00
9.425000000000000711e+00
9.431250000000000355e+00
9.437500000000000000e+00
9.443749999999999645e+00
9.449999999999999289e+00
9.456250000000000711e+00
9.462500000000000355e+00
9.468750000000000000e+00
9.474999999999999645e+00
9.481249999999999289e+00
9.487500000000000711e+00
9.493750000000000355e+00
9.500000000000000000e+00
9.506249999999999645e+00
9.512499999999999289e+00
9.518750000000000711e+00
9.525000000000000355e+00
9.531250000000000000e+00
9.537499999999999645e+00
9.543749999999999289e+00
9.550000000000000711e+00
9.556250000000000355e+00
9.562500000000000000e+00
9.568749999999999645e+00
9.574999999999999289e+00
9.581250000000000711e+00
9.587500000000000355e+00
9.593750000000000000e+00
9.599999999999999645e+00
9.606249999999999289e+00
9.612500000000000711e+00
9.618750000000000355e+00
9.625000000000000000e+00
9.631249999999999645e+00
9.637499999999999289e+00
9.643750000000000711e+00
9.650000000000000355e+00
9.656250000000000000e+00
9.662499999999999645e+00
9.668749999999999289e+00
9.675000000000000711e+00
9.681250000000000355e+00
9.687500000000000000e+00
9.693749999999999645e+00
9.699999999999999289e+00
9.706250000000000711e+00
9.712500000000000355e+00
9.718750000000000000e+00
9.724999999999999645e+00
9.731249999999999289e+00
9.737500000000000711e+00
9.743750000000000355e+00
9.750000000000000000e+00
9.756249999999999645e+00
9.762499999999999289e+00
9.768750000000000711e+00
9.775000000000000355e+00
9.781250000000000000e+00
9.787499999999999645e+00
9.793749999999999289e+00
9.800000000000000711e+00
9.806250000000000355e+00
9.812500000000000000e+00
9.818749999999999645e+00
9.824999999999999289e+00
9.831250000000000711e+00
9.837500000000000355e+00
9.843750000000000000e+00
9.849999999999999645e+00
9.856249999999999289e+00
9.862500000000000711e+00
9.868750000000000355e+00
9.875000000000000000e+00
9.881249999999999645e+00
9.887499999999999289e+00
9.893750000000000711e+00
9.900000000000000355e+00
9.906250000000000000e+00
9.912499999999999645e+00
9.918749999999999289e+00
9.925000000000000711e+00
9.931250000000000355e+00
9.937500000000000000e+00
9.943749999999999645e+00
9.949999999999999289e+00
9.956250000000000711e+00
9.962500000000000355e+00
9.968750000000000000e+00
9.974999999999999645e+00
9.981249999999999289e+00
9.987500000000000711e+00
9.993750000000000355e+00
1.000000000000000000e+01
